201603	3719.0
201602	18124.0
201601	16603.0
201512	16490.0
201511	17921.0
201510	18555.0
201509	16947.0
201508	17053.0
201507	18800.0
201506	17736.0
201505	18322.0
201504	19469.0
201503	19469.0
201502	15037.0
201501	14974.0
201412	14751.0
201411	16268.0
201410	16223.0
201409	15208.0
201408	14385.0
201407	15773.0
201406	14274.0
201405	15993.0
201404	19262.0
201403	20619.0
201402	17822.0
201401	17203.0
201312	16253.0
201311	17596.0
201310	17380.0
201309	15171.0
201308	13989.0
201307	14109.0
201306	13070.0
201305	14230.0
201304	15253.0
201303	14923.0
201302	13023.0
201301	12872.0
201212	11656.0
201211	13106.0
201210	13052.0
201209	11250.0
201208	11916.0
201207	11940.0
201206	10766.0
201205	11746.0
201204	11677.0
201203	12077.0
201202	10641.0
201201	9843.0
201112	8905.0
201111	9407.0
201110	8366.0
201109	8143.0
201108	8574.0
201107	8045.0
201106	7832.0
201105	8536.0
201104	7867.0
201103	8492.0
201102	6908.0
201101	6560.0
201012	5665.0
201011	5598.0
201010	5030.0
201009	4722.0
201008	4725.0
201007	4509.0
201006	4286.0
201005	4164.0
201004	3875.0
201003	4424.0
201002	3568.0
201001	3673.0
200912	2658.0
200911	2732.0
200910	2492.0
200909	2254.0
200908	2184.0
200907	2265.0
200906	2109.0
200905	1824.0
200904	1535.0
200903	1429.0
200902	1212.0
200901	1155.0
200812	838.0
200811	963.0
200810	1152.0
200809	1152.0
200808	227.0
