201603	4184899.5999999917
201602	2.114969360000002E7
201601	1.9763134000000067E7
201512	1.9984464000000082E7
201511	2.1388281999999914E7
201510	2.2422155200000003E7
201509	2.1075008799999908E7
201508	2.1408457200000025E7
201507	2.3860611200000055E7
201506	2.3074653600000076E7
201505	2.4012539999999985E7
201504	2.546355320000007E7
201503	2.475955080000001E7
201502	1.9597053599999934E7
201501	1.993125039999998E7
201412	2.0051656799999986E7
201411	2.1648711600000065E7
201410	2.2175014399999954E7
201409	2.0921571999999937E7
201408	2.028025959999993E7
201407	2.321213279999996E7
201406	2.0815401200000033E7
201405	2.3047809199999962E7
201404	2.805191479999996E7
201403	3.143045320000008E7
201402	2.769151399999996E7
201401	2.8315542000000168E7
201312	2.7221925999999937E7
201311	3.0443211199999895E7
201310	3.1980709200000074E7
201309	2.872278040000016E7
201308	2.8289179200000074E7
201307	2.785186999999995E7
201306	2.575544120000014E7
201305	2.8879806399999946E7
201304	3.1929582000000015E7
201303	3.230819920000002E7
201302	2.791744639999994E7
201301	2.888892399999988E7
201212	2.628757199999989E7
201211	2.8573161600000057E7
201210	3.0309775999999978E7
201209	2.652458479999991E7
201208	2.887030959999995E7
201207	2.896767799999989E7
201206	3.044711840000007E7
201205	3.049047399999989E7
201204	3.0078797199999917E7
201203	3.142160639999997E7
201202	2.7909515199999925E7
201201	2.9266546000000022E7
201112	2.4621078799999975E7
201111	2.650161359999992E7
201110	2.490383519999994E7
201109	2.6269846400000013E7
201108	2.687949800000004E7
201107	2.651149080000004E7
201106	2.5581256799999997E7
201105	3.023131280000002E7
201104	2.965228200000004E7
201103	3.087432560000004E7
201102	2.682033680000005E7
201101	2.6248400399999935E7
201012	2.2061276000000045E7
201011	2.3006666399999954E7
201010	2.0188442399999987E7
201009	2.069327760000005E7
201008	2.1320999600000087E7
201007	1.872177319999993E7
201006	1.8732955600000016E7
201005	2.162720120000013E7
201004	2.0507646000000026E7
201003	2.3162932800000004E7
201002	1.92676868E7
201001	2.080134400000002E7
200912	1.3742235999999976E7
200911	1.5626553600000031E7
200910	1.3877007200000014E7
200909	1.428737120000003E7
200908	1.3702881999999994E7
200907	1.8026056399999958E7
200906	1.7976302799999993E7
200905	1.6116573999999989E7
200904	1.1012387199999994E7
200903	1.23875224E7
200902	1.3926030799999988E7
200901	1.2389579199999996E7
200812	9479078.799999997
200811	1.4916574400000023E7
200810	1.6898450000000015E7
200809	2.3322825999999993E7
200808	5367605.199999999
