201603	26981.34999999994
201602	41086.04578919427
201601	16159.867810269858
201512	11348.033447156813
201511	10422.880168361382
201510	11492.987712049258
201509	11040.315589815284
201508	11200.047348144215
201507	11844.169142473635
201506	11603.466908548708
201505	12307.873159305058
201504	13229.095421438871
201503	13761.412478642076
201502	11824.926144091494
201501	12627.912204016204
201412	12098.775923986133
201411	13086.031716952613
201410	14446.66269144085
201409	13334.7499896572
201408	12849.935521053898
201407	15713.413525800383
201406	13699.665700729864
201405	14206.398711048145
201404	17499.189078790485
201403	21216.114697005167
201402	19031.964381158345
201401	21998.060975628217
201312	20873.586980595068
201311	24663.04905130618
201310	28709.67126615872
201309	25980.370394909238
201308	25586.24614421788
201307	23860.456077187937
201306	20966.506375471992
201305	23517.713522159476
201304	27084.269940301456
201303	26692.732197725512
201302	22683.755177578187
201301	23510.191644677114
201212	20085.881872103942
201211	21061.144408179975
201210	23593.506800653708
201209	20226.02108055521
201208	22356.08094645008
201207	21744.235717329713
201206	21459.57179210871
201205	23301.189869162572
201204	22208.770365332435
201203	22834.511256719717
201202	20032.397293626596
201201	21104.68386113452
201112	17513.41990933683
201111	18603.65086429831
201110	17952.793611023255
201109	19087.609858262804
201108	18078.899900877896
201107	17556.43938173005
201106	17504.189302120827
201105	21481.447811038033
201104	21958.61909139114
201103	22238.104351000922
201102	18970.84372348494
201101	18284.534812004484
201012	14765.006503560238
201011	15603.951028245685
201010	13074.65760291851
201009	13464.373026601666
201008	13644.31803600399
201007	11134.171781151272
201006	10904.706587639233
201005	13477.477988872963
201004	13269.231334412187
201003	14766.110854173778
201002	11585.469596298832
201001	12891.9681410119
200912	8411.51663422759
200911	9381.071278413352
200910	8393.11113095953
200909	8644.823344488868
200908	8114.578830086341
200907	10618.539264621417
200906	10924.507608787262
200905	9758.123947916682
200904	6398.717540347298
200903	7140.042664729373
200902	8103.028332465762
200901	6965.860772044698
200812	5312.881813005358
200811	7832.636123630356
200810	9074.620290978177
200809	12483.039922149936
200808	2634.8660029161665
